図1
政府の責任だと思うか
「失業者対策」
スペイン
インド
クロアチア
ノルウェー
32
チリ
南アフリカ
60
56
52
56
51
アイスランド
26
58
トルコ
フィリピン
ベネズエラ
49
51
58
フィンランド
33
スロベニア
27
49
53
スリナム
52
スウェーデン
20
57
デンマーク
26
49
ロシア
29
46
ハンガリー
25
47
スロバキア
34
39
ドイツ
15
58
スイス
7
66
タイ
30
42
フランス
17
51
台湾
20
46
イスラエル
26
40
韓国
16
50
ラトビア
29
36
リトアニア
22
42
ニュージーランド
13
49
イギリス
15
45
ベルギー
15
42
アメリカ
16
41
オーストラリア
13
43
日本
15
38
チェコ
11 37
36
36
37
31
7
74
58
92
30
35
35
32
25
11 3
104
13 4
12 3
11
6
8
16
17
3
27
13
8
19
5
18
20
5
22
16
23
25
21
23
5
2
9
27
27
27
7
28
8
22
14
29
9
30
10
33
10
33
10
29
15
32
15
31
20
第10課
図2
政府の責任だと思うか
「低所得家庭の大学生への援助」
ベネズエラ
74%
クロアチア
78
ジョージア
72
スロベニア
69
チリ
80
フィリピン
71
スペイン
75
ラトビア
58
スリナム
75
タイ
61
南アフリカ
62
スイス
ドイツ
31
36
64
57
フランス
51
41
インド
60
32
スロバキア
50
42
トルコ
62
30
イスラエル
57
34
リトアニア
42
48
ロシア
42
48
ハンガリー
35
54
アメリカ
46
43
ベルギー
38
49
台湾
39
49
イギリス
36
51
ノルウェー
36
49
フィンランド
38
48
アイスランド
38
47
オーストラリア
37
48
韓国
32
51
ニュージーランド
30
53
チェコ
25
53
デンマーク
34
44
スウェーデン24
44
日本 2641
24
1
0
201
26
2
0
29
2
0
17
3
0
26
2
1
22
2
0
39
3 1
22
3 1
35
41
32
4 2
15.1
6 1
7|1
6 2
71
6 2
8 1
82
92
10
8 3
112
112
112
12 2
12 3
13
3
10
5
14
3
14
18
4
16
24
8
23 10
■政府の責任である■どちらかといえば政府の責任である
■どちらかといえば政府の責任ではない■政府の責任ではない
2006年調査では、低所得家庭の大学生への援助が『政府の責任』と回答し
た日本人は58%で、このときも各国と比べてかなり少ない。韓国も日本ほど
ではないが、各国の中では少なくなっている。時系列の変化をみると、日本で
読む
書く
話す
聞く
S
は『政府の責任』が58%から67%へ増え、最も増加が大きい。しかし、各国 25
の中では相変わらず最も少なくなっている（表1）。
105
